     2.119     2.002     2.012     2.105     2.120
     1.421     1.790     1.612     1.828     2.134
     1.737     1.852     1.693     1.693     2.162
     1.703     2.141     1.700     1.480     2.088
     1.509     1.670     2.056     1.797     1.598
     1.715     1.771     1.850     2.000     1.696
     1.746     2.064     1.910     1.656     1.790
     1.754     2.022     1.853     1.839     1.824
     1.942     1.626     2.094     1.859     1.710
     1.690     1.631     1.602     1.912     1.935
     1.735     1.874     1.874     1.889     2.053
     1.870     2.191     2.045     2.003     2.058
     2.006     1.863     2.107     2.168     1.875
     2.855     1.741     1.743     1.676     1.681
     1.629     1.757     1.697     1.782     1.980
     1.855     1.524     1.672     1.837     1.808
     1.847     1.842     1.719     1.945     1.677
     2.098     1.860     1.930     1.769     1.961
     1.503     1.781     1.836     1.745     1.756
     1.771     1.894     1.832     1.733     1.769
     1.863     1.855     1.926     1.749     2.032
     1.761     2.012     1.881     1.980     1.687
     1.906     1.812     1.943     1.823     1.870
     2.090     1.722     1.904     2.020     1.774
     1.902     1.984     1.785     1.911     2.059
     2.122     2.198     2.156     2.108     1.969
     2.147     1.941    10.874     1.952     1.880
     2.043     1.973     2.261     2.035     2.013
