     1.684     1.637     1.930     1.708     1.603
     1.568     1.779     1.550     1.441     1.722
     1.683     1.673     1.236     1.596     1.536
     1.610     1.602     1.609     1.581     1.536
     1.558     1.843     1.246     1.667     1.578
     1.661     1.527     1.591     1.576     1.690
     1.604     1.604     1.801     1.638     1.657
     1.225     1.594     1.608     1.623     1.804
     1.594     1.617     1.738     1.578     1.511
     1.511     1.709     1.778     1.788     1.654
     1.657     1.573     1.525     1.743     1.619
     1.630     1.793     1.599     1.671     1.634
     1.672     1.311     1.884     1.670     2.133
     1.564     1.601     1.596     1.865     1.499
     1.365     1.531     1.888     1.721     1.859
     1.534     1.761     2.030     1.662     1.281
     1.604     1.619     1.567     1.649     1.595
     1.619     1.630     1.696     1.624     1.732
     1.666     1.597     1.609     1.618     1.657
     1.621     1.569     1.635     1.604     1.634
     1.797     1.652     1.664     1.641     1.618
     1.713     1.634     1.721     1.724     1.705
     1.689     1.675     1.573     1.602     1.615
     1.677     1.643     1.623     1.626     1.617
     1.666     1.629     1.630     1.694     1.807
     1.720     1.702     1.679     1.650     1.692
     1.667     1.727     1.647     1.620     1.669
     1.618     1.696     1.992     1.759     1.743
     1.716     1.749     1.695     1.740     1.709
     1.688     1.640     1.696     1.732     1.702
     1.697     1.808     1.744     1.590     1.669
     1.741     1.894     1.626     1.581     1.949
     1.790     2.011     1.968     1.760     1.709
     1.707     1.618     1.608     1.651     1.632
     1.000     1.000     1.000     1.000     1.000
     1.000     1.000     1.000     1.000     1.000
     1.000     1.000
