# map for beamline ppac
# [category] [id] [[device] [seg_detid1] [seg_detid2] [module] [ch]] ....
#  CAMAC Ta Tx1 Ty1 Tx2 Ty2 Qa Qx1 Qy1 Qx2 Qy2 ->
#  Map   Tx1 Tx2 Ty1 Ty2 Ta Qx1 Qx2 Qy1 Qy2 Qa 
1,  1, 0  1 1 0  1, 0  1 1 0  3, 0  1 1 0  2, 0  1 1 0  4, 0  1 1 0  0, 0  1 0 0  1, 0  1 0 0  3, 0  1 0 0  2, 0  1 0 0  4, 0  1 0 0  0 ; F1PPAC1
1,  2, 0  1 1 0  6, 0  1 1 0  8, 0  1 1 0  7, 0  1 1 0  9, 0  1 1 0  5, 0  1 0 0  6, 0  1 0 0  8, 0  1 0 0  7, 0  1 0 0  9, 0  1 0 0  5 ; F1PPAC2
1,  3, 0  3 1 0  4, 0  3 1 0  6, 0  3 1 0  5, 0  3 1 0  7, 0  3 1 0  0, 0  3 0 0  4, 0  3 0 0  6, 0  3 0 0  5, 0  3 0 0  7, 0  3 0 0  0 ; F3PPAC1A 
1,  4, 0  3 1 0  8, 0  3 1 0 10, 0  3 1 0  9, 0  3 1 0 11, 0  3 1 0  1, 0  3 0 0  8, 0  3 0 0 10, 0  3 0 0  9, 0  3 0 0 11, 0  3 0 0  1 ; F3PPAC1B
1,  5, 0  3 1 0 12, 0  3 1 0 14, 0  3 1 0 13, 0  3 1 0 15, 0  3 1 0  2, 0  3 0 0 12, 0  3 0 0 14, 0  3 0 0 13, 0  3 0 0 15, 0  3 0 0  2 ; F3PPAC2A
1,  6, 0  3 1 0 16, 0  3 1 0 18, 0  3 1 0 17, 0  3 1 0 19, 0  3 1 0  3, 0  3 0 0 16, 0  3 0 0 18, 0  3 0 0 17, 0  3 0 0 19, 0  3 0 0  3 ; F3PPAC2B
1,  7, 0  2 1 0  1, 0  2 1 0  3, 0  2 1 0  2, 0  2 1 0  4, 0  2 1 0  0, 0  2 0 0  1, 0  2 0 0  3, 0  2 0 0  2, 0  2 0 0  4, 0  2 0 0  0 ; F2PPAC1
1,  8, 0  2 1 0  6, 0  2 1 0  8, 0  2 1 0  7, 0  2 1 0  9, 0  2 1 0  5, 0  2 0 0  6, 0  2 0 0  8, 0  2 0 0  7, 0  2 0 0  9, 0  2 0 0  5 ; F2PPAC2
1,  9, 0  4 1 0  1, 0  4 1 0  3, 0  4 1 0  2, 0  4 1 0  4, 0  4 1 0  0, 0  4 0 0  1, 0  4 0 0  3, 0  4 0 0  2, 0  4 0 0  4, 0  4 0 0  0 ; F4PPAC
1, 10, 0  5 1 0  4, 0  5 1 0  6, 0  5 1 0  5, 0  5 1 0  7, 0  5 1 0  0, 0  5 0 0  4, 0  5 0 0  6, 0  5 0 0  5, 0  5 0 0  7, 0  5 0 0  0 ; F5PPAC1A
1, 11, 0  5 1 0  8, 0  5 1 0 10, 0  5 1 0  9, 0  5 1 0 11, 0  5 1 0  1, 0  5 0 0  8, 0  5 0 0 10, 0  5 0 0  9, 0  5 0 0 11, 0  5 0 0  1 ; F5PPAC1B
1, 12, 0  5 1 0 12, 0  5 1 0 14, 0  5 1 0 13, 0  5 1 0 15, 0  5 1 0  2, 0  5 0 0 12, 0  5 0 0 14, 0  5 0 0 13, 0  5 0 0 15, 0  5 0 0  2 ; F5PPAC2A
1, 13, 0  5 1 0 16, 0  5 1 0 18, 0  5 1 0 17, 0  5 1 0 19, 0  5 1 0  3, 0  5 0 0 16, 0  5 0 0 18, 0  5 0 0 17, 0  5 0 0 19, 0  5 0 0  3 ; F5PPAC2B
1, 14, 0  6 1 0  1, 0  6 1 0  3, 0  6 1 0  2, 0  6 1 0  4, 0  6 1 0  0, 0  6 0 0  1, 0  6 0 0  3, 0  6 0 0  2, 0  6 0 0  4, 0  6 0 0  0 ; F6PPAC
1, 15, 11  9 31 1  1, 11  9 31 1  3, 11  9 31 1  2, 11  9 31 1  4, 11  9 31 1  5, 0  7 0 0  4, 0  7 0 0  6, 0  7 0 0  5, 0  7 0 0  7, 11  9 31 1 0 ; FH9A (Qa=Tref)
1, 16, 11  9 31 1 56, 11  9 31 1 58, 11  9 31 1 57, 11  9 31 1 59, 11  9 31 1 60, 0  7 0 0  8, 0  7 0 0 10, 0  7 0 0  9, 0  7 0 0 11, 0   7  0 0 1 ; FH9B 
1, 17, 11 10 31 2  1, 11 10 31 2  3, 11 10 31 2  2, 11 10 31 2  4, 11 10 31 2  5, 0  7 0 0 12, 0  7 0 0 14, 0  7 0 0 13, 0  7 0 0 15, 11 10 31 2 0 ; FH10UA (Qa=Tref)
1, 18, 11 10 31 2 56, 11 10 31 2 58, 11 10 31 2 57, 11 10 31 2 59, 11 10 31 2 60, 0  7 0 0 16, 0  7 0 0 18, 0  7 0 0 17, 0  7 0 0 19, 0   7  0 0 3 ; FH10UB 
1, 19, 11 10 31 2  6, 11 10 31 2  8, 11 10 31 2  7, 11 10 31 2  9, 11 10 31 2 10, 1  9 0 0  4, 1  9 0 0  6, 1  9 0 0  5, 1  9 0 0  7, 1   9  0 0 0 ; FH10DA 
1, 20, 11 10 31 2 68, 11 10 31 2 69, 11 10 31 2 70, 11 10 31 2 71, 11 10 31 2 72, 1  9 0 0  8, 1  9 0 0 10, 1  9 0 0  9, 1  9 0 0 11, 1   9  0 0 1 ; FH10DB 
1, 21, 31 10 31 1  8, 31 10 31 1  9, 31 10 31 1 10, 31 10 31 1 11, 31 10 31 1  1, 1  31 0 0   8, 1  31 0 1 10, 1 31 0 1  9, 1  31 0 1 11, 1  31 0 1  1 ; Dummy
1, 22, 31 10 31 2  8, 31 10 31 2  9, 31 10 31 2 10, 31 10 31 2 11, 31 10 31 2  1, 1  31 0 0  12, 1  31 0 2 10, 1 31 0 2  9, 1  31 0 2 11, 1  31 0 2  1 ; Dummy
1, 23, 31 10 31 3  8, 31 10 31 3  9, 31 10 31 3 10, 31 10 31 3 11, 31 10 31 3  1, 1  31 0 0  16, 1  31 0 3 10, 1 31 0 3  9, 1  31 0 3 11, 1  31 0 3  1 ; Dummy
1, 24, 31 10 31 4  8, 31 10 31 4  9, 31 10 31 4 10, 31 10 31 4 11, 31 10 31 4  1, 1  31 0 0  20, 1  31 0 4 10, 1 31 0 4  9, 1  31 0 4 11, 1  31 0 4  1 ; Dummy
