 2.2494E+00  
 2.3438E+00  
 2.1589E+00  
 2.3082E+00  
 2.3687E+00  
 2.0406E+00  
 2.1795E+00  
 2.2440E+00  
 1.9051E+00  
 2.1744E+00  
 2.2679E+00  
 2.0421E+00  
 2.1905E+00  
 2.2919E+00  
 2.1629E+00  
 2.4419E+00  
 2.1787E+00  
 2.2523E+00  
 2.4728E+00  
 2.3239E+00  
 2.3095E+00  
 2.2607E+00  
 2.2504E+00  
 1.7109E+00  
 2.2631E+00  
 2.1509E+00  
 2.1548E+00  
 2.1127E+00  
 2.0143E+00  
 2.4806E+00  
 2.2512E+00  
 2.2785E+00  
 2.2491E+00  
 2.3935E+00  
 1.8965E+00  
 2.2315E+00  
 2.1752E+00  
 2.2130E+00  
 2.3927E+00  
 2.2684E+00  
 2.1384E+00  
 1.9968E+00  
2.2071E+00 
2.2991E+00 
2.4893E+00 
2.2933E+00 
2.1540E+00 
2.2791E+00 
2.2734E+00 
2.1753E+00 
2.3087E+00 
2.2568E+00 
2.3128E+00 
2.2465E+00 
2.2700E+00 
2.2375E+00 
1.7232E+00 
2.2459E+00 
1.8851E+00 
2.0976E+00 
2.2341E+00 
2.1926E+00 
2.2341E+00 
2.3859E+00 
2.1404E+00 
2.0773E+00 
0
0
0
0
0
0
0
0
0
0
0
0
0
0
0
0
0
0
0
0
0
0
0
0
0
0
0
0
0
0
0
0
0
0
0
0
0
0
0
0
0
0
0
0
0
0
0
0
0
0
0
0
0
0
0
0
2.2452E+00 
2.2809E+00 
2.1898E+00 
2.3390E+00 
2.2381E+00 
2.1249E+00 
2.1321E+00 
2.3137E+00 
2.3019E+00 
2.3082E+00 
2.2948E+00 
2.2257E+00 
2.3011E+00 
2.3189E+00 
2.1836E+00 
3.0004E+00 
2.3065E+00 
2.3333E+00 
