2.2896E+00 
2.2987E+00 
2.3670E+00 
2.3411E+00 
2.3611E+00 
2.3219E+00 
2.3167E+00 
2.3476E+00 
2.2833E+00 
2.3450E+00 
2.3222E+00 
2.3098E+00 
2.2986E+00 
2.3583E+00 
2.3811E+00 
2.8233E+00 
2.2764E+00 
2.3516E+00 
2.4514E+00 
2.3352E+00 
2.3802E+00 
2.3899E+00 
2.3636E+00 
2.2693E+00 
2.3084E+00 
2.2839E+00 
2.2595E+00 
2.3271E+00 
2.2461E+00 
2.4589E+00 
2.2801E+00 
2.4056E+00 
2.3487E+00 
2.3925E+00 
2.3533E+00 
2.3264E+00 
2.2833E+00 
2.3015E+00 
2.4061E+00 
2.3649E+00 
2.1970E+00 
2.1196E+00 
2.2998E+00 
2.4076E+00 
2.4499E+00 
2.3121E+00 
2.3003E+00 
2.3646E+00 
2.3232E+00 
2.3426E+00 
2.3269E+00 
2.3224E+00 
2.3775E+00 
2.3676E+00 
2.3586E+00 
2.3546E+00 
2.3485E+00 
2.9709E+00 
2.2869E+00 
2.2836E+00 
2.3936E+00 
2.3200E+00 
2.3517E+00 
2.7424E+00 
2.4098E+00 
2.3040E+00 
.0000E+00  
.0000E+00  
.0000E+00  
.0000E+00  
.0000E+00  
.0000E+00  
.0000E+00  
.0000E+00  
.0000E+00  
.0000E+00  
.0000E+00  
.0000E+00  
.0000E+00  
.0000E+00  
.0000E+00  
.0000E+00  
.0000E+00  
.0000E+00  
.0000E+00  
.0000E+00  
.0000E+00  
.0000E+00  
.0000E+00  
.0000E+00  
.0000E+00  
.0000E+00  
.0000E+00  
.0000E+00  
.0000E+00  
.0000E+00  
.0000E+00  
.0000E+00  
.0000E+00  
.0000E+00  
.0000E+00  
.0000E+00  
.0000E+00  
.0000E+00  
.0000E+00  
.0000E+00  
.0000E+00  
.0000E+00  
.0000E+00  
.0000E+00  
.0000E+00  
.0000E+00  
.0000E+00  
.0000E+00  
.0000E+00  
.0000E+00  
.0000E+00  
.0000E+00  
.0000E+00  
.0000E+00  
.0000E+00  
.0000E+00  
2.3451E+00 
2.4001E+00 
2.2820E+00 
2.3566E+00 
2.2552E+00 
2.2306E+00 
2.2195E+00 
2.4079E+00 
2.3216E+00 
2.2955E+00 
2.4434E+00 
2.3990E+00 
2.2990E+00 
2.3129E+00 
2.3120E+00 
3.1463E+00 
2.3341E+00 
2.3371E+00 
