  -254.388  -145.286  -180.703  -245.872  -228.883
   -90.969  -133.113  -182.939  -171.752  -156.376
  -195.460  -226.671  -161.510  -174.880  -237.447
  -160.020  -221.006  -158.959  -180.408  -244.230
  -178.721  -220.932  -202.187  -126.268  -195.806
  -234.310  -163.659  -171.055  -240.779  -195.833
  -228.518  -207.793  -134.431  -155.494  -156.332
  -164.476  -210.133  -133.553  -160.631  -150.875
  -158.234  -138.777  -176.700  -172.064  -138.371
  -165.875  -213.898  -144.455  -196.483  -173.021
  -205.009  -176.514  -186.987  -203.669  -212.100
  -185.098  -266.700  -214.039  -225.643  -244.168
  -236.898  -155.279  -233.265  -416.180  -190.166
 -1016.259  -134.137  -146.577  -125.677  -224.131
  -175.231  -179.377  -145.664  -165.402  -248.273
  -208.826  -191.740  -179.630  -199.466  -162.393
  -240.171  -183.556  -227.132  -208.964  -236.368
  -230.051  -269.321  -220.833  -189.862  -225.489
  -202.836  -203.407  -220.048  -186.429  -217.309
  -207.128  -181.160  -170.287  -143.004  -182.339
  -205.084  -180.089  -226.997  -185.730  -234.827
  -146.629  -220.214  -199.156  -193.073  -190.667
  -247.763  -180.855  -192.307  -169.118  -161.923
  -229.561  -166.459  -221.024  -253.547  -171.389
  -216.055  -222.704  -237.388  -196.735  -216.686
  -245.659  -281.590  -261.599  -222.031  -227.621
  -294.044  -261.240-13692.417  -262.282  -254.735
  -257.700  -276.405  -226.990  -238.259  -229.241
