 -2.4932E+02
 -2.0145E+02
 -1.6872E+02
 -2.3031E+02
 -2.4247E+02
 -1.7209E+02
 -2.1719E+02
 -2.3351E+02
 -1.9825E+02
 -1.4959E+02
 -2.4976E+02
 -2.1139E+02
 -2.1596E+02
 -2.6296E+02
 -2.6117E+02
 -2.2147E+02
 -2.0861E+02
 -2.0305E+02
 -2.1610E+02
 -2.5594E+02
 -2.2468E+02
 -2.6287E+02
 -2.9042E+02
 -1.8975E+02
 -2.5363E+02
 -2.3064E+02
 -2.2444E+02
 -1.8272E+02
 -1.8653E+02
 -2.2697E+02
 -2.6488E+02
 -2.3014E+02
 -2.1509E+02
 -2.4239E+02
 -2.4115E+02
 -2.4766E+02
 -2.2138E+02
 -2.5385E+02
 -2.9700E+02
 -2.6049E+02
 -2.6331E+02
 -1.6615E+02
 -2.3049E+02 
 -2.6923E+02 
 -3.0915E+02 
 -2.7909E+02 
 -2.8300E+02 
 -2.3055E+02 
 -3.1062E+02 
 -2.4802E+02 
 -2.3113E+02 
 -2.7275E+02 
 -2.6695E+02 
 -2.6800E+02 
 -2.6065E+02 
 -2.6719E+02 
 -1.8546E+02 
 -3.0463E+02 
 -2.3771E+02 
 -2.8453E+02 
 -2.4546E+02 
 -2.6993E+02 
 -1.9137E+02 
 -2.6162E+02 
 -2.0848E+02 
 -2.2270E+02 
0
0
0
0
0
0
0
0
0
0
0
0
0
0
0
0
0
0
0
0
0
0
0
0
0
0
0
0
0
0
0
0
0
0
0
0
0
0
0
0
0
0
0
0
0
0
0
0
0
0
0
0
0
0
0
0
 -1.9429E+02 
 -2.5041E+02 
 -2.0246E+02 
 -2.1822E+02 
 -2.8240E+02 
 -2.5112E+02 
 -2.2882E+02 
 -3.1007E+02 
 -2.2614E+02 
 -2.3979E+02 
 -2.1475E+02 
 -2.4038E+02 
 -2.1716E+02 
 -2.0630E+02 
 -1.8037E+02 
 -2.9664E+02 
 -2.5017E+02 
 -2.9008E+02 
