# map for R3
# [category], [detid], [[device] [fp] [detector] [geo] [ch]], ...
#   det      seg
2,   1, 5 63 0 0  0, 5 63 0 0  1 ; C008-1 ch 0(X1) ,1(Y1)
2,   2, 5 63 0 0  2, 5 63 0 0  3 ; C008-1 ch 2(X2), 3(Y2)
2,   3, 5 63 0 0  4, 5 63 0 0  5 ; C008-1 ch 4(dummy), 5(dummy)
2,   4, 5 63 0 0  6, 5 63 0 0  7 ; C008-1 ch 6(dummy), 7(dummy)
2,   5, 5 63 2 0  0, 5 63 2 0  1 ; RPH-022-1 ch 0(L), 1(RU)
2,   6, 5 63 2 0  2, 5 63 2 0  3 ; RPH-022-1 ch 2(RD), 3(dummy)
2,   7, 5 63 2 0  4, 5 63 2 0  5 ; RPH-022-1 ch 4(KL), 5(KR)
2,   8, 5 63 2 0  16, 5 63 2 0  17 ; RPH-022-2 ch 0(EU), 1(ED)
2,   9, 5 63 2 0  18, 5 63 2 0  19 ; RPH-022-2 ch 2(dummy), 3(dummy)
2,   10, 5 63 1 0  0, 5 63 1 0  1 ; TDC 3780-1 ch 0(X1), 1(Y1)
2,   11, 5 63 1 0  2, 5 63 1 0  3 ; TDC 3780-1 ch 2(X2), 3(Y2)
2,   12, 5 63 1 0  4, 5 63 1 0  5 ; TDC 3780-1 ch 4(AT), 5(dummy)
2,   13, 5 63 1 0  6, 5 63 1 0  7 ; TDC 3780-1 ch 6(dummy), 7(dummy)
2,   14, 5 63 1 0  8, 5 63 1 0  9 ; TDC 3780-2 ch 0(X1), 1(Y1)
2,   15, 5 63 1 0  10, 5 63 1 0  11 ; TDC 3780-2 ch 2(X2), 3(Y2)
2,   16, 5 63 1 0  12, 5 63 1 0  13 ; TDC 3780-2 ch 4, 5(dummy)
2,   17, 5 63 1 0  14, 5 63 1 0  15 ; TDC 3780-2 ch 6(dummy), 7(dummy)
2,   18, 5 63 4 0  0, 5 63 4 0  1 ; C008-2 ch 0, 1 (IC1,2)
2,   19, 5 63 4 0  2, 5 63 4 0  3 ; C008-2 ch 2, 3 (IC3,4)
2,   20, 5 63 4 0  4, 5 63 4 0  5 ; C008-2 ch 4, 5 (IC5,6)
2,   21, 5 63 4 0  6, 5 63 4 0  7 ; C008-2 ch 6, 7 (IC7,8)
2,   22, 5 63 4 0  8, 5 63 4 0  9 ; C008-2 ch 8, 9 (IC9,10)
2,   23, 5 63 4 0  10, 5 63 4 0  11 ; C008-2 ch 10, 11 (IC11,12)
2,   24, 5 63 4 0  12, 5 63 4 0  13 ; C008-2 ch 12(IC13) ,13(dummy)
2,   25, 5 63 4 0  14, 5 63 4 0  15 ; C008-2 ch 14(dummy) ,15(dummy)
2,   26, 5 63 11 0  0, 5 63 11 0  1 ; 2249W ch 0,1(dummy)
2,   27, 5 63 3 0  0, 5 63 3 0  1 ; RPC-170 ch 0(MD1) ,1(MD2)
2,   28, 5 63 3 0  2, 5 63 3 0  3 ; RPC-170 ch 2(MD3) ,3(MD4)
2,   29, 5 63 3 0  4, 5 63 3 0  5 ; RPC-170 ch 4(dummy),5(dummy)
2,   30, 5 63 3 0  6, 5 63 3 0  7 ; RPC-170 ch 6(dummy),7(dummy)
2,   31, 0 2 2 0  0, 0 2 3 0  0 ; F2Pla-L Q,T
2,   32, 0 2 2 0  1, 0 2 3 0  1 ; F2Pla-R Q,T
2,   33, 0 3 2 0  0, 0 3 3 0  0 ; F3Pla-L Q,T
2,   34, 0 3 2 0  1, 0 3 3 0  1 ; F3Pla-R Q,T
2,   35, 0 3 13 0  0, 0 3 13 0  1 ; F3Pla LT,RT (CFD)
2,   36, 0 3 6 0  0, 0 3 6 0  1 ; F3 AD811 ch 0,1
2,   37, 0 3 4 0  0, 0 3 4 0  1 ; F3 C008 ch 0,1
2,   38, 0 3 4 0  2, 0 3 4 0  3 ; F3 C008 ch 2,dummy
2,   39, 0 7 3 0  0, 0 7 3 0  1 ; F7 Pla LT,RT (LE)
2,   40, 0 7 13 0  0, 0 7 13 0  1 ; F7 Pla LT,RT (CFD)
2,   41, 0 7 4 0  0, 0 7 4 0  1 ; F7 IC1, IC2
2,   42, 0 7 4 0  2, 0 7 4 0  3 ; F7 IC3, IC4
2,   43, 0 7 4 0  4, 0 7 4 0  5 ; F7 IC5, IC6
2,   44, 11 10 31 2  11, 11 10 31 2  12 ; S0 T-L,R
2,   45, 11 10 31 2  141, 11 10 31 2  142 ; S0 Q-L,R
