5, 1,  12 1 35 1  0
5, 2,  12 1 35 1  1
5, 3,  12 1 35 1  2
5, 4,  12 1 35 1  3
5, 5,  12 1 35 1  4
5, 6,  12 1 35 1  5
5, 7,  12 1 35 1  6
5, 8,  12 1 35 1  7
5, 9,  12 1 35 1  8
5, 0,  12 1 35 1  9
5, 11,  12 1 35 1 10
5, 12,  12 1 35 1 11
5, 13,	12 1 35	1 12
5, 14,	12 1 35	1 13
5, 15,	12 1 35	1 14
5, 16,	12 1 35	1 15
5, 17,	12 1 35	1 16
5, 18,	12 1 35	1 17
5, 19,	12 1 35	1 18
5, 20,	12 1 35	1 19
5, 21,	12 1 35	1 20
5, 22,	12 1 35	1 21
5, 23,	12 1 35	1 22
5, 24,	12 1 35	1 23
5, 25,	12 1 35	1 24
5, 26,	12 1 35	1 25
5, 27,	12 1 35	1 26
5, 28,	12 1 35	1 27
5, 29,	12 1 35	1 28
5, 30,	12 1 35	1 29
5, 31,	12 1 35	1 30
5, 32,	12 1 35	1 31
5, 33,	12 1 35	1 32
5, 34,	12 1 35	1 33
5, 35,	12 1 35	1 34
5, 36,	12 1 35	1 35
5, 37,	12 1 35	1 36
5, 38,	12 1 35	1 37
5, 39,	12 1 35	1 38
5, 40,	12 1 35	1 39
5, 41,	12 1 35	1 40
5, 42,	12 1 35	1 41
5, 43,	12 1 35	1 42
5, 44,	12 1 35	1 43
5, 45,	12 1 35	1 44
5, 46,	12 1 35	1 45
5, 47,	12 1 35	1 46
5, 48,	12 1 35	1 47
5, 49,	12 1 35	1 48
5, 50,	12 1 35	1 49
5, 51,	12 1 35	1 50
5, 52,	12 1 35	1 51
5, 53,	12 1 35	1 52
5, 54,	12 1 35	1 53
5, 55,	12 1 35	1 54
5, 56,	12 1 35	1 55
5, 57,	12 1 35	1 56
5, 58,	12 1 35	1 57
5, 59,	12 1 35	1 58
5, 60,	12 1 35	1 59
5, 61,	12 1 35	1 60
5, 62,	12 1 35	1 61
5, 63,	12 1 35	1 62
5, 64,	12 1 35	1 63
5, 65,	12 1 35	1 64
5, 66,	12 1 35	1 65
5, 67,	12 1 35	1 66
5, 68,	12 1 35	1 67
5, 69,	12 1 35	1 68
5, 70,	12 1 35	1 69
5, 71,	12 1 35	1 70
5, 72,	12 1 35	1 71
5, 73,	12 1 35	1 72
5, 74,	12 1 35	1 73
5, 75,	12 1 35	1 74
5, 76,	12 1 35	1 75
5, 77,	12 1 35	1 76
5, 78,	12 1 35	1 77
5, 79,	12 1 35	1 78
5, 80,	12 1 35	1 79
5, 81,	12 1 35	1 80
5, 82,	12 1 35	1 81
5, 83,	12 1 35	1 82
5, 84,	12 1 35	1 83
5, 85,	12 1 35	1 84
5, 86,	12 1 35	1 85
5, 87,	12 1 35	1 86
5, 88,	12 1 35	1 87
5, 89,	12 1 35	1 88
5, 90,	12 1 35	1 89
5, 91,	12 1 35	1 90
5, 92,	12 1 35	1 91
5, 93,	12 1 35	1 92
5, 94,	12 1 35	1 93
5, 95,	12 1 35	1 94
5, 96,	12 1 35	1 95
5, 97,	12 1 35	1 96
5, 98,	12 1 35	1 97
5, 99,	12 1 35	1 98
5, 100,	12 1 35	1 99
5, 101,	12 1 35	1 100
5, 102,	12 1 35	1 101
5, 103,	12 1 35	1 102
5, 104,	12 1 35	1 103
5, 105,	12 1 35	1 104
5, 106,	12 1 35	1 105
5, 107,	12 1 35	1 106
5, 108,	12 1 35	1 107
5, 109,	12 1 35	1 108
5, 110,	12 1 35	1 109
5, 111,	12 1 35	1 110
5, 112,	12 1 35	1 111
5, 113,	12 1 35	1 112
5, 114,	12 1 35	1 113
5, 115,	12 1 35	1 114
5, 116,	12 1 35	1 115
5, 117,	12 1 35	1 116
5, 118,	12 1 35	1 117
5, 119,	12 1 35	1 118
5, 120,	12 1 35	1 119
5, 121,	12 1 35	1 120
5, 122,	12 1 35	1 121
5, 123,	12 1 35	1 122
5, 124,	12 1 35	1 123
5, 125,	12 1 35	1 124
5, 126,	12 1 35	1 125
5, 127,	12 1 35	1 126
5, 128,	12 1 35	1 127
5, 129,	12 1 35	1 128
5, 130,	12 1 35	1 129
5, 131,	12 1 35	1 130
5, 132,	12 1 35	1 131
5, 133,	12 1 35	1 132
5, 134,	12 1 35	1 133
5, 135,	12 1 35	1 134
5, 136,	12 1 35	1 135
5, 137,	12 1 35	1 136
5, 138,	12 1 35	1 137
5, 139,	12 1 35	1 138
5, 140,	12 1 35	1 139
5, 141,	12 1 35	1 140
5, 142,	12 1 35	1 141
5, 143,	12 1 35	1 142
5, 144,	12 1 35	1 143
5, 145,	12 1 35	1 144
5, 146,	12 1 35	1 145
5, 147,	12 1 35	1 146
5, 148,	12 1 35	1 147
5, 149,	12 1 35	1 148
5, 150,	12 1 35	1 149
5, 151,	12 1 35	1 150
5, 152,	12 1 35	1 151
5, 153,	12 1 35	1 152
5, 154,	12 1 35	1 153
5, 155,	12 1 35	1 154
5, 156,	12 1 35	1 155
5, 157,	12 1 35	1 156
5, 158,	12 1 35	1 157
5, 159,	12 1 35	1 158
5, 160,	12 1 35	1 159
5, 161,	12 1 35	1 160
5, 162,	12 1 35	1 161
5, 163,	12 1 35	1 162
5, 164,	12 1 35	1 163
5, 165,	12 1 35	1 164
5, 166,	12 1 35	1 165
5, 167,	12 1 35	1 166
5, 168,	12 1 35	1 167
5, 169,	12 1 35	1 168
5, 170,	12 1 35	1 169
5, 171,	12 1 35	1 170
5, 172,	12 1 35	1 171
5, 173,	12 1 35	1 172
5, 174,	12 1 35	1 173
5, 175,	12 1 35	1 174
5, 176,	12 1 35	1 175
5, 177,	12 1 35	1 176
5, 178,	12 1 35	1 177
5, 179,	12 1 35	1 178
5, 180,	12 1 35	1 179
5, 181,	12 1 35	1 180
5, 182,	12 1 35	1 181
5, 183,	12 1 35	1 182
5, 184,	12 1 35	1 183
5, 185,	12 1 35	1 184
5, 186,	12 1 35	1 185
5, 187,	12 1 35	1 186
5, 188,	12 1 35	1 187
5, 189,	12 1 35	1 188
5, 190,	12 1 35	1 189
5, 191,	12 1 35	1 190
5, 192,	12 1 35	1 191
5, 193,	12 1 35	1 192
5, 194,	12 1 35	1 193
5, 195,	12 1 35	1 194
5, 196,	12 1 35	1 195
5, 197,	12 1 35	1 196
5, 198,	12 1 35	1 197
5, 199,	12 1 35	1 198
5, 200,	12 1 35	1 199
5, 201,	12 1 35	1 200
5, 202,	12 1 35	1 201
5, 203,	12 1 35	1 202
5, 204,	12 1 35	1 203
5, 205,	12 1 35	1 204
5, 206,	12 1 35	1 205
5, 207,	12 1 35	1 206
5, 208,	12 1 35	1 207
5, 209,	12 1 35	1 208
5, 210,	12 1 35	1 209
5, 211,	12 1 35	1 210
5, 212,	12 1 35	1 211
5, 213,	12 1 35	1 212
5, 214,	12 1 35	1 213
5, 215,	12 1 35	1 214
5, 216,	12 1 35	1 215
5, 217,	12 1 35	1 216
5, 218,	12 1 35	1 217
5, 219,	12 1 35	1 218
5, 220,	12 1 35	1 219
5, 221,	12 1 35	1 220
5, 222,	12 1 35	1 221
5, 223,	12 1 35	1 222
5, 224,	12 1 35	1 223
5, 225,	12 1 35	1 224
5, 226,	12 1 35	1 225
5, 227,	12 1 35	1 226
5, 228,	12 1 35	1 227
5, 229,	12 1 35	1 228
5, 230,	12 1 35	1 229
5, 231,	12 1 35	1 230
5, 232,	12 1 35	1 231
5, 233,	12 1 35	1 232
5, 234,	12 1 35	1 233
5, 235,	12 1 35	1 234
5, 236,	12 1 35	1 235
5, 237,	12 1 35	1 236
5, 238,	12 1 35	1 237
5, 239,	12 1 35	1 238
5, 240,	12 1 35	1 239
5, 241,	12 1 35	1 240
5, 242,	12 1 35	1 241
5, 243,	12 1 35	1 242
5, 244,	12 1 35	1 243
5, 245,	12 1 35	1 244
5, 246,	12 1 35	1 245
5, 247,	12 1 35	1 246
5, 248,	12 1 35	1 247
5, 249,	12 1 35	1 248
5, 250,	12 1 35	1 249
5, 251,  12 1 35 2 0
5, 252,  12 1 35 2 1
5, 253,  12 1 35 2 2
5, 254,  12 1 35 2 3
5, 255,  12 1 35 2 4
5, 256,  12 1 35 2 5
5, 257,  12 1 35 2 6
5, 258,  12 1 35 2 7
5, 259,  12 1 35 2 8
5, 260,  12 1 35 2 9
5, 261,  12 1 35 2 10
5, 262,  12 1 35 2 11
5, 263,  12 1 35 2 12
5, 264,	12 1 35	2 13
5, 265,	12 1 35	2 14
5, 266,	12 1 35	2 15
5, 267,	12 1 35	2 16
5, 268,	12 1 35	2 17
5, 269,	12 1 35	2 18
5, 270,	12 1 35	2 19
5, 271,	12 1 35	2 20
5, 272,	12 1 35	2 21
5, 273,	12 1 35	2 22
5, 274,	12 1 35	2 23
5, 275,	12 1 35	2 24
5, 276,	12 1 35	2 25
5, 277,	12 1 35	2 26
5, 278,	12 1 35	2 27
5, 279,	12 1 35	2 28
5, 280,	12 1 35	2 29
5, 281,	12 1 35	2 30
5, 282,	12 1 35	2 31
5, 283,	12 1 35	2 32
5, 284,	12 1 35	2 33
5, 285,	12 1 35	2 34
5, 286,	12 1 35	2 35
5, 287,	12 1 35	2 36
5, 288,	12 1 35	2 37
5, 289,	12 1 35	2 38
5, 290,	12 1 35	2 39
5, 291,	12 1 35	2 40
5, 292,	12 1 35	2 41
5, 293,	12 1 35	2 42
5, 294,	12 1 35	2 43
5, 295,	12 1 35	2 44
5, 296,	12 1 35	2 45
5, 297,	12 1 35	2 46
5, 298,	12 1 35	2 47
5, 299,	12 1 35	2 48
5, 300,	12 1 35	2 49
5, 301,	12 1 35	2 50
5, 302,	12 1 35	2 51
5, 303,	12 1 35	2 52
5, 304,	12 1 35	2 53
5, 305,	12 1 35	2 54
5, 306,	12 1 35	2 55
5, 307,	12 1 35	2 56
5, 308,	12 1 35	2 57
5, 309,	12 1 35	2 58
5, 310,	12 1 35	2 59
5, 311,	12 1 35	2 60
5, 312,	12 1 35	2 61
5, 313,	12 1 35	2 62
5, 314,	12 1 35	2 63
5, 315,	12 1 35	2 64
5, 316,	12 1 35	2 65
5, 317,	12 1 35	2 66
5, 318,	12 1 35	2 67
5, 319,	12 1 35	2 68
5, 320,	12 1 35	2 69
5, 321,	12 1 35	2 70
5, 322,	12 1 35	2 71
5, 323,	12 1 35	2 72
5, 324,	12 1 35	2 73
5, 325,	12 1 35	2 74
5, 326,	12 1 35	2 75
5, 327,	12 1 35	2 76
5, 328,	12 1 35	2 77
5, 329,	12 1 35	2 78
5, 330,	12 1 35	2 79
5, 331,	12 1 35	2 80
5, 332,	12 1 35	2 81
5, 333,	12 1 35	2 82
5, 334,	12 1 35	2 83
5, 335,	12 1 35	2 84
5, 336,	12 1 35	2 85
5, 337,	12 1 35	2 86
5, 338,	12 1 35	2 87
5, 339,	12 1 35	2 88
5, 340,	12 1 35	2 89
5, 341,	12 1 35	2 90
5, 342,	12 1 35	2 91
5, 343,	12 1 35	2 92
5, 344,	12 1 35	2 93
5, 345,	12 1 35	2 94
5, 346,	12 1 35	2 95
5, 347,	12 1 35	2 96
5, 348,	12 1 35	2 97
5, 349,	12 1 35	2 98
5, 350,	12 1 35	2 99
5, 351,	12 1 35	2 100
5, 352,	12 1 35	2 101
5, 353,	12 1 35	2 102
5, 354,	12 1 35	2 103
5, 355,	12 1 35	2 104
5, 356,	12 1 35	2 105
5, 357,	12 1 35	2 106
5, 358,	12 1 35	2 107
5, 359,	12 1 35	2 108
5, 360,	12 1 35	2 109
5, 361,	12 1 35	2 110
5, 362,	12 1 35	2 111
5, 363,	12 1 35	2 112
5, 364,	12 1 35	2 113
5, 365,	12 1 35	2 114
5, 366,	12 1 35	2 115
5, 367,	12 1 35	2 116
5, 368,	12 1 35	2 117
5, 369,	12 1 35	2 118
5, 370,	12 1 35	2 119
5, 371,  12 1 35 3  0
5, 372,  12 1 35 3  1
5, 373,  12 1 35 3  2
5, 374,  12 1 35 3  3
5, 375,  12 1 35 3  4
5, 376,  12 1 35 3  5
5, 377,  12 1 35 3  6
5, 378,  12 1 35 3  7
5, 379,  12 1 35 3  8
5, 380,  12 1 35 3  9
5, 381,  12 1 35 3 10
5, 382,  12 1 35 3 11
5, 383,	12 1 35	3 12
5, 384,	12 1 35	3 13
5, 385,	12 1 35	3 14
5, 386,	12 1 35	3 15
5, 387,	12 1 35	3 16
5, 388,	12 1 35	3 17
5, 389,	12 1 35	3 18
5, 390,	12 1 35	3 19
5, 391,	12 1 35	3 20
5, 392,	12 1 35	3 21
5, 393,	12 1 35	3 22
5, 394,	12 1 35	3 23
5, 395,	12 1 35	3 24
5, 396,	12 1 35	3 25
5, 397,	12 1 35	3 26
5, 398,	12 1 35	3 27
5, 399,	12 1 35	3 28
5, 400,	12 1 35	3 29
5, 401,	12 1 35	3 30
5, 402,	12 1 35	3 31
5, 403,	12 1 35	3 32
5, 404,	12 1 35	3 33
5, 405,	12 1 35	3 34
5, 406,	12 1 35 3 35
5, 407,	12 1 35	3 36
5, 408,	12 1 35	3 37
5, 409,	12 1 35	3 38
5, 410,	12 1 35	3 39
5, 411,	12 1 35	3 40
5, 412,	12 1 35	3 41
5, 413,	12 1 35	3 42
5, 414,	12 1 35	3 43
5, 415,	12 1 35	3 44
5, 416,	12 1 35	3 45
5, 417,	12 1 35	3 46
5, 418,	12 1 35	3 47
5, 419,	12 1 35	3 48
5, 420,	12 1 35	3 49
5, 421,	12 1 35	3 50
5, 422,	12 1 35	3 51
5, 423,	12 1 35	3 52
5, 424,	12 1 35	3 53
5, 425,	12 1 35	3 54
5, 426,	12 1 35	3 55
5, 427,	12 1 35	3 56
5, 428,	12 1 35	3 57
5, 429,	12 1 35	3 58
5, 430,	12 1 35	3 59
5, 431,	12 1 35	3 60
5, 432,	12 1 35	3 61
5, 433,	12 1 35	3 62
5, 434,	12 1 35	3 63
5, 435,	12 1 35	3 64
5, 436,	12 1 35	3 65
5, 437,	12 1 35	3 66
5, 438,	12 1 35	3 67
5, 439,	12 1 35	3 68
5, 440,	12 1 35	3 69
5, 441,	12 1 35	3 70
5, 442,	12 1 35	3 71
5, 443,	12 1 35	3 72
5, 444,	12 1 35	3 73
5, 445,	12 1 35	3 74
5, 446,	12 1 35	3 75
5, 447,	12 1 35	3 76
5, 448,	12 1 35	3 77
5, 449,	12 1 35	3 78
5, 450,	12 1 35	3 79
5, 451,	12 1 35	3 80
5, 452,	12 1 35	3 81
5, 453,	12 1 35	3 82
5, 454,	12 1 35	3 83
5, 455,	12 1 35	3 84
5, 456,	12 1 35	3 85
5, 457,	12 1 35	3 86
5, 458,	12 1 35	3 87
5, 459,	12 1 35	3 88
5, 460,	12 1 35	3 89
5, 461,	12 1 35	3 90
5, 462,	12 1 35	3 91
5, 463,	12 1 35	3 92
5, 464,	12 1 35	3 93
5, 465,	12 1 35	3 94
5, 466,	12 1 35	3 95
5, 467,	12 1 35	3 96
5, 468,	12 1 35	3 97
5, 469,	12 1 35	3 98
5, 470,	12 1 35	3 99
5, 471,	12 1 35	3 100
5, 472,	12 1 35	3 101
5, 473,	12 1 35	3 102
5, 474,	12 1 35	3 103
5, 475,	12 1 35	3 104
5, 476,	12 1 35	3 105
5, 477,	12 1 35	3 106
5, 478,	12 1 35	3 107
5, 479,	12 1 35	3 108
5, 480,	12 1 35	3 109
5, 481,	12 1 35	3 110
5, 482,	12 1 35	3 111
5, 483,	12 1 35	3 112
5, 484,	12 1 35	3 113
5, 485,	12 1 35	3 114
5, 486,	12 1 35	3 115
5, 487,	12 1 35	3 116
5, 488,	12 1 35	3 117
5, 489,	12 1 35	3 118
5, 490,	12 1 35	3 119
5, 494, 12 1 35 4  0
5, 495, 12 1 35 5  0
5, 496, 12 1 35 6  0
