# map for R3
# [category], [detid], [[device] [fp] [detector] [geo] [ch]], ...
#   det      seg
2,   1, 5 63 0 0  0, 5 63 0 0  1 ; PPAC ILC1 X1,X2
2,   2, 5 63 0 0  2, 5 63 0 0  3 ; PPAC ILC1 Y1,Y2
2,   3, 5 63 0 0  4, 5 63 0 0  5 ; PPAC ILC2 X1,X2
2,   4, 5 63 0 0  6, 5 63 0 0  7 ; PPAC ILC2 Y1,Y2
2,   5, 5 63 2 0  0, 5 63 3 0  0 ; ILC2 T-L
2,   6, 5 63 2 0  1, 5 63 3 0  1 ; ILC2 T-RU
2,   7, 5 63 2 0  2, 5 63 3 0  4 ; ILC2 T-RD
2,   8, 5 63 2 0 16, 5 63 2 0 17 ; ELC Q-U,D
2,  10, 5 63 3 0  8, 5 63 3 0  9 ; R-MD 1,2
2,  11, 5 63 3 0 10, 5 63 3 0 11 ; R-MD 3,4
2,  12, 5 63 11 0  1, 5 63 11 0 2  ; NaI Q1, Q2
2,  26, 11 10 31 2  11, 11 10 31 2  12 ; S0 T-L,R
2,  27, 11 10 31 2  141, 11 10 31 2  142 ; S0 Q-L,R
2,  22, 5 63 3 0  5, 5 63 3 0  6 ; TDC1 ch 5,6
2,  23, 5 63 3 0  7, 5 63 3 0  21 ; TDC1 ch 7,dummy
2,  24, 5 63 3 0  12, 5 63 3 0  13 ; R-MD5, TDC2 ch 5
2,  25, 5 63 3 0  14, 5 63 3 0  15 ; TDC2 ch 6,7
#2,  28, 5 63 0 0  14, 5 63 0 0  15 ; dummy, DCCT
2,  31, 0 2 2 0  0, 0 2 3 0  0 ; F2Pla-L Q,T
2,  32, 0 2 2 0  1, 0 2 3 0  1 ; F2Pla-R Q,T
2,  33, 0 3 2 0  0, 0 3 3 0  0 ; F3Pla-L Q,T
2,  34, 0 3 2 0  1, 0 3 3 0  1 ; F3Pla-R Q,T
2,  35, 0 3 13 0  0, 0 3 13 0  1 ; F3Pla LT,RT (CFD)


