5, 101, 12 1 35 1  0
5, 102, 12 1 35 1  1
5, 103, 12 1 35 1  2
5, 104, 12 1 35 1  3
5, 105, 12 1 35 1  4
5, 106, 12 1 35 1  5
5, 107, 12 1 35 1  6
5, 108, 12 1 35 1  7
5, 109, 12 1 35 1  8
5, 110, 12 1 35 1  9
5, 111, 12 1 35 1 10
5, 112, 12 1 35 1 11
5, 113,	12 1 35	1 12
5, 114,	12 1 35	1 13
5, 115,	12 1 35	1 14
5, 116,	12 1 35	1 15
5, 117,	12 1 35	1 16
5, 118,	12 1 35	1 17
5, 119,	12 1 35	1 18
5, 120,	12 1 35	1 19
5, 121,	12 1 35	1 20
5, 122,	12 1 35	1 21
5, 123,	12 1 35	1 22
5, 124,	12 1 35	1 23
5, 125,	12 1 35	1 24
5, 126,	12 1 35	1 25
5, 127,	12 1 35	1 26
5, 128,	12 1 35	1 27
5, 129,	12 1 35	1 28
5, 130,	12 1 35	1 29
5, 131,	12 1 35	1 30
5, 132,	12 1 35	1 31
5, 133,	12 1 35	1 32
5, 134,	12 1 35	1 33
5, 135,	12 1 35	1 34
5, 136,	12 1 35	1 35
5, 137,	12 1 35	1 36
5, 138,	12 1 35	1 37
5, 139,	12 1 35	1 38
5, 140,	12 1 35	1 39
5, 141,	12 1 35	1 40
5, 142,	12 1 35	1 41
5, 143,	12 1 35	1 42
5, 144,	12 1 35	1 43
5, 145,	12 1 35	1 44
5, 146,	12 1 35	1 45
5, 147,	12 1 35	1 46
5, 148,	12 1 35	1 47
5, 149,	12 1 35	1 48
5, 150,	12 1 35	1 49
5, 151,	12 1 35	1 50
5, 152,	12 1 35	1 51
5, 153,	12 1 35	1 52
5, 154,	12 1 35	1 53
5, 155,	12 1 35	1 54
5, 156,	12 1 35	1 55
5, 157,	12 1 35	1 56
5, 158,	12 1 35	1 57
5, 159,	12 1 35	1 58
5, 160,	12 1 35	1 59
5, 161,	12 1 35	1 60
5, 162,	12 1 35	1 61
5, 163,	12 1 35	1 62
5, 164,	12 1 35	1 63
5, 165,	12 1 35	1 64
5, 166,	12 1 35	1 65
5, 167,	12 1 35	1 66
5, 168,	12 1 35	1 67
5, 169,	12 1 35	1 68
5, 170,	12 1 35	1 69
5, 171,	12 1 35	1 70
5, 172,	12 1 35	1 71
5, 173,	12 1 35	1 72
5, 174,	12 1 35	1 73
5, 175,	12 1 35	1 74
5, 176,	12 1 35	1 75
5, 177,	12 1 35	1 76
5, 178,	12 1 35	1 77
5, 179,	12 1 35	1 78
5, 180,	12 1 35	1 79
5, 181,	12 1 35	1 80
5, 182,	12 1 35	1 81
5, 183,	12 1 35	1 82
5, 184,	12 1 35	1 83
5, 185,	12 1 35	1 84
5, 186,	12 1 35	1 85
5, 187,	12 1 35	1 86
5, 188,	12 1 35	1 87
5, 189,	12 1 35	1 88
5, 190,	12 1 35	1 89
5, 191,	12 1 35	1 90
5, 192,	12 1 35	1 91
5, 193,	12 1 35	1 92
5, 194,	12 1 35	1 93
5, 195,	12 1 35	1 94
5, 196,	12 1 35	1 95
5, 197,	12 1 35	1 96
5, 198,	12 1 35	1 97
5, 199,	12 1 35	1 98
5, 200,	12 1 35	1 99
5, 201,	12 1 35	1 100
5, 202,	12 1 35	1 101
5, 203,	12 1 35	1 102
5, 204,	12 1 35	1 103
5, 205,	12 1 35	1 104
5, 206,	12 1 35	1 105
5, 207,	12 1 35	1 106
5, 208,	12 1 35	1 107
5, 209,	12 1 35	1 108
5, 210,	12 1 35	1 109
5, 211,	12 1 35	1 110
5, 212,	12 1 35	1 111
5, 213,	12 1 35	1 112
5, 214,	12 1 35	1 113
5, 215,	12 1 35	1 114
5, 216,	12 1 35	1 115
5, 217,	12 1 35	1 116
5, 218,	12 1 35	1 117
5, 219,	12 1 35	1 118
5, 220,	12 1 35	1 119
5, 221,	12 1 35	1 120
5, 222,	12 1 35	1 121
5, 223,	12 1 35	1 122
5, 224,	12 1 35	1 123
5, 225,	12 1 35	1 124
5, 226,	12 1 35	1 125
5, 227,	12 1 35	1 126
5, 228,	12 1 35	1 127
5, 229,	12 1 35	1 128
5, 230,	12 1 35	1 129
5, 231,	12 1 35	1 130
5, 232,	12 1 35	1 131
5, 233,	12 1 35	1 132
5, 234,	12 1 35	1 133
5, 235,	12 1 35	1 134
5, 236,	12 1 35	1 135
5, 237,	12 1 35	1 136
5, 238,	12 1 35	1 137
5, 239,	12 1 35	1 138
5, 240,	12 1 35	1 139
5, 241,	12 1 35	1 140
5, 242,	12 1 35	1 141
5, 243,	12 1 35	1 142
5, 244,	12 1 35	1 143
5, 245,	12 1 35	1 144
5, 246,	12 1 35	1 145
5, 247,	12 1 35	1 146
5, 248,	12 1 35	1 147
5, 249,	12 1 35	1 148
5, 250,	12 1 35	1 149
5, 251,	12 1 35	1 150
5, 252,	12 1 35	1 151
5, 253,	12 1 35	1 152
5, 254,	12 1 35	1 153
5, 255,	12 1 35	1 154
5, 256,	12 1 35	1 155
5, 257,	12 1 35	1 156
5, 258,	12 1 35	1 157
5, 259,	12 1 35	1 158
5, 260,	12 1 35	1 159
5, 261,	12 1 35	1 160
5, 262,	12 1 35	1 161
5, 263,	12 1 35	1 162
5, 264,	12 1 35	1 163
5, 265,	12 1 35	1 164
5, 266,	12 1 35	1 165
5, 267,	12 1 35	1 166
5, 268,	12 1 35	1 167
5, 269,	12 1 35	1 168
5, 270,	12 1 35	1 169
5, 271,	12 1 35	1 170
5, 272,	12 1 35	1 171
5, 273,	12 1 35	1 172
5, 274,	12 1 35	1 173
5, 275,	12 1 35	1 174
5, 276,	12 1 35	1 175
5, 277,	12 1 35	1 176
5, 278,	12 1 35	1 177
5, 279,	12 1 35	1 178
5, 280,	12 1 35	1 179
5, 281,	12 1 35	1 180
5, 282,	12 1 35	1 181
5, 283,	12 1 35	1 182
5, 284,	12 1 35	1 183
5, 285,	12 1 35	1 184
5, 286,	12 1 35	1 185
5, 287,	12 1 35	1 186
5, 288,	12 1 35	1 187
5, 289,	12 1 35	1 188
5, 290,	12 1 35	1 189
5, 291,	12 1 35	1 190
5, 292,	12 1 35	1 191
5, 293,	12 1 35	1 192
5, 294,	12 1 35	1 193
5, 295,	12 1 35	1 194
5, 296,	12 1 35	1 195
5, 297,	12 1 35	1 196
5, 298,	12 1 35	1 197
5, 299,	12 1 35	1 198
5, 300,	12 1 35	1 199
5, 301,	12 1 35	1 200
5, 302,	12 1 35	1 201
5, 303,	12 1 35	1 202
5, 304,	12 1 35	1 203
5, 305,	12 1 35	1 204
5, 306,	12 1 35	1 205
5, 307,	12 1 35	1 206
5, 308,	12 1 35	1 207
5, 309,	12 1 35	1 208
5, 310,	12 1 35	1 209
5, 311,	12 1 35	1 210
5, 312,	12 1 35	1 211
5, 313,	12 1 35	1 212
5, 314,	12 1 35	1 213
5, 315,	12 1 35	1 214
5, 316,	12 1 35	1 215
5, 317,	12 1 35	1 216
5, 318,	12 1 35	1 217
5, 319,	12 1 35	1 218
5, 320,	12 1 35	1 219
5, 321,	12 1 35	1 220
5, 322,	12 1 35	1 221
5, 323,	12 1 35	1 222
5, 324,	12 1 35	1 223
5, 325,	12 1 35	1 224
5, 326,	12 1 35	1 225
5, 327,	12 1 35	1 226
5, 328,	12 1 35	1 227
5, 329,	12 1 35	1 228
5, 330,	12 1 35	1 229
5, 331,	12 1 35	1 230
5, 332,	12 1 35	1 231
5, 333,	12 1 35	1 232
5, 334,	12 1 35	1 233
5, 335,	12 1 35	1 234
5, 336,	12 1 35	1 235
5, 337,	12 1 35	1 236
5, 338,	12 1 35	1 237
5, 339,	12 1 35	1 238
5, 340,	12 1 35	1 239
5, 341,	12 1 35	1 240
5, 342,	12 1 35	1 241
5, 343,	12 1 35	1 242
5, 344,	12 1 35	1 243
5, 345,	12 1 35	1 244
5, 346,	12 1 35	1 245
5, 347,	12 1 35	1 246
5, 348,	12 1 35	1 247
5, 349,	12 1 35	1 248
5, 350,	12 1 35	1 249
5, 351,	12 1 35	1 250
5, 352,	12 1 35	1 251
5, 353,	12 1 35	1 252
5, 354,	12 1 35	1 253
5, 355,	12 1 35	1 254
5, 356,	12 1 35	1 255
5, 357,	12 1 35	1 256
5, 358,	12 1 35	1 257
5, 359,	12 1 35	1 258
5, 360,	12 1 35	1 259
5, 361,	12 1 35	1 260
5, 362,	12 1 35	1 261
5, 363,	12 1 35	1 262
5, 364,	12 1 35	1 263
5, 365,	12 1 35	1 264
5, 366,	12 1 35	1 265
5, 367,	12 1 35	1 266
5, 368,	12 1 35	1 267
5, 369,	12 1 35	1 268
5, 370,	12 1 35	1 269
5, 371,	12 1 35	1 270
5, 372,	12 1 35	1 271
5, 373,	12 1 35	1 272
5, 374,	12 1 35	1 273
5, 375,	12 1 35	1 274
5, 376,	12 1 35	1 275
5, 377,	12 1 35	1 276
5, 378,	12 1 35	1 277
5, 379,	12 1 35	1 278
5, 380,	12 1 35	1 279
5, 381,	12 1 35	1 280
5, 382,	12 1 35	1 281
5, 383,	12 1 35	1 282
5, 384,	12 1 35	1 283
5, 385,	12 1 35	1 284
5, 386,	12 1 35	1 285
5, 387,	12 1 35	1 286
5, 388,	12 1 35	1 287
5, 389,	12 1 35	1 288
5, 390,	12 1 35	1 289
5, 391,	12 1 35	1 290
5, 392,	12 1 35	1 291
5, 393,	12 1 35	1 292
5, 394,	12 1 35	1 293
5, 395,	12 1 35	1 294
5, 396,	12 1 35	1 295
5, 397,	12 1 35	1 296
5, 398,	12 1 35	1 297
5, 399,	12 1 35	1 298
5, 400,	12 1 35	1 299
5, 401,	12 1 35	1 300
5, 451, 12 1 35 2  0
5, 452, 12 1 35 2  1
5, 453, 12 1 35 2  2
5, 454  12 1 35 2  3
5, 455, 12 1 35 2  4
5, 456, 12 1 35 2  5
5, 457, 12 1 35 2  6
5, 458, 12 1 35 2  7
5, 459, 12 1 35 2  8
5, 460, 12 1 35 2  9
5, 461, 12 1 35 2 10
5, 462, 12 1 35 2 11
5,   3, 12 1 35 3  0
5,   4, 12 1 35 4  0
5,   5, 12 1 35 5  0
5,   6, 12 1 35 6  0
